-1.0, -1.0
614.225, 149.86499
614.7898, 149.51715
615.5287, 149.0656
616.42615, 148.5647
617.5128, 147.97388
618.81665, 147.30122
620.3181, 146.59912
621.9995, 145.8702
623.8446, 145.11688
625.83856, 144.34135
628.01306, 143.59064
630.3969, 142.90747
632.9712, 142.2858
635.6738, 141.72008
638.53815, 141.20526
641.5497, 140.73679
644.65027, 140.31049
647.83167, 139.96754
651.0419, 139.74547
654.2781, 139.67838
657.583, 139.75232
660.95056, 139.9096
664.42004, 140.18774
668.0272, 140.62085
671.75977, 141.19498
675.60645, 141.89743
679.6018, 142.67166
683.73267, 143.51122
687.9418, 144.4552
692.22205, 145.44922
696.52203, 146.4888
700.8401, 147.5698
705.2195, 148.64352
709.60974, 149.7106
713.91986, 150.77165
718.1571, 151.82721
722.41797, 152.87775
726.7003, 153.87875
731.0023, 154.78967
735.32214, 155.61859
739.65814, 156.37292
744.0089, 157.05936
748.3281, 157.68402
752.57355, 158.25247
756.7069, 158.72476
760.7383, 159.10953
764.63184, 159.45967
768.39996, 159.7783
772.099, 160.02325
775.69006, 160.20117
779.183, 160.31807
782.6315, 160.37946
786.0397, 160.39029
789.41113, 160.31017
792.74915, 160.14725
796.0567, 159.909
799.3366, 159.60219
802.5913, 159.18799
805.7781, 158.67607
808.85803, 158.07523
811.8408, 157.39346
814.78015, 156.63805
817.67993, 155.77063
820.54376, 154.80127
823.4198, 153.73917
826.307, 152.59264
829.2044, 151.3693
832.06604, 150.12106
834.8501, 148.85016
837.51855, 147.51364
840.03687, 146.11742
842.4186, 144.66684
844.63086, 143.21182
846.6891, 141.75276
848.6521, 140.29001
850.4834, 138.82391
852.1949, 137.35475
853.79736, 135.88281
855.2556, 134.40836
856.58264, 133.0216
857.79016, 131.71466
858.844, 130.48035
859.713, 129.35712
860.45886, 128.33498
861.0925, 127.40482
861.6242, 126.55839
862.018, 125.78813
862.24133, 125.1322
862.30963, 124.625305
862.1918, 124.29903
861.90454, 124.137115
861.46313, 124.12477
860.8815, 124.29355
860.1721, 124.67213
859.3466, 125.24164
858.4154, 125.98489
857.388, 126.88625
856.2731, 127.88649
855.12354, 129.0217
853.8974, 130.27975
852.55664, 131.64957
851.1116, 133.1661
849.57153, 134.81616
847.94507, 136.5877
846.195, 138.46982
844.37744, 140.45255
842.54346, 142.52681
840.6946, 144.68439
838.83203, 146.8728
837.00214, 149.08923
835.24695, 151.37622
833.5147, 153.68236
831.75836, 156.00595
829.9801, 158.39041
828.1819, 160.83026
826.3205, 163.32056
824.4016, 165.9017
822.47546, 168.56555
820.5427, 171.30466
818.55884, 174.15723
816.4835, 177.11307
814.32495, 180.1629
812.13574, 183.29823
809.9635, 186.51138
807.80676, 189.79536
805.6641, 193.14378
803.4894, 196.55084
801.2853, 200.01126
799.0547, 203.52026
796.79974, 207.07343
794.56775, 210.66682
792.3566, 214.29681
790.16455, 217.96008
787.98975, 221.65369
785.8307, 225.32983
783.6859, 228.94516
781.5992, 232.55008
779.52026, 236.19058
777.40344, 239.86342
775.2971, 243.61072
773.1554, 247.42575
770.9814, 251.25742
768.7781, 255.14926
766.50305, 259.09583
764.20776, 263.0472
761.89404, 266.95795
759.5636, 270.83173
757.26294, 274.67188
754.98926, 278.48145
752.69525, 282.26312
750.3827, 286.0194
748.0532, 289.7527
745.7085, 293.41992
743.3947, 297.07214
741.0642, 300.71063
738.71844, 304.2467
736.35876, 307.68948
733.9865, 311.09244
731.6477, 314.41412
729.3395, 317.70685
727.0589, 321.01825
724.8036, 324.3016
722.5713, 327.51447
720.40485, 330.61816
718.2984, 333.62253
716.2465, 336.5365
714.2893, 339.3232
712.4182, 341.9491
710.6706, 344.4737
709.0353, 346.95105
707.4571, 349.34045
705.93097, 351.64978
704.45215, 353.8863
703.06146, 356.01154
701.7959, 358.0355
700.6443, 359.8773
699.5963, 361.50833
698.6427, 362.94757
697.7748, 364.21228
697.03, 365.31818
696.4424, 366.1895
695.99756, 366.80246
695.6828, 367.18024
695.5314, 367.299
695.57355, 367.18213
695.7919, 366.8507
696.17065, 366.32416
696.6953, 365.62
697.3527, 364.75418
698.176, 363.78632
699.15015, 362.72552
700.2167, 361.58026
701.4122, 360.35803
702.7701, 359.0658
704.27576, 357.7099
705.916, 356.29602
707.7236, 354.78436
709.6835, 353.18378
711.73694, 351.59222
713.8306, 350.05392
715.9608, 348.5641
718.1244, 347.1183
720.3182, 345.71265
722.53955, 344.3435
724.74097, 343.00757
726.9693, 341.7019
729.22205, 340.4237
731.4971, 339.17056
733.79236, 337.94022
736.1061, 336.7306
738.4365, 335.58484
740.7372, 334.54224
743.01086, 333.59344
745.3049, 332.73004
747.61743, 331.94434
749.9469, 331.2293
752.3367, 330.57867
754.7814, 329.98657
757.276, 329.4478
759.81616, 328.95752
762.3527, 328.51135
764.886, 328.10532
767.4162, 327.73584
769.8987, 327.44458
772.3828, 327.2696
774.82336, 327.1553
777.17926, 327.0963
779.4581, 327.13266
781.6669, 327.30072
783.8119, 327.58865
785.8988, 327.98566
787.9779, 328.57196
790.09485, 329.33047
792.24634, 330.24573
794.3391, 331.3036
796.3786, 332.49127
798.3695, 333.79706
800.27124, 335.21033
802.13684, 336.7214
803.96954, 338.32147
805.7273, 340.00256
807.4169, 341.71234
809.0443, 343.44824
810.61536, 345.25287
812.13495, 347.12012
813.6078, 348.99933
815.0381, 350.8894
816.4297, 352.78934
817.786, 354.6983
819.06525, 356.66043
820.2744, 358.671
821.4197, 360.6806
822.4619, 362.73434
823.4553, 364.87323
824.4043, 367.04465
825.2229, 369.2456
825.92285, 371.4735
826.55975, 373.7259
827.09436, 376.00055
827.49084, 378.2505
827.7167, 380.47794
827.78723, 382.72992
827.76135, 385.0042
827.6028, 387.25385
827.32355, 389.526
826.93445, 391.81866
826.4453, 394.085
825.9552, 396.37234
825.46423, 398.67883
824.9275, 400.91272
824.349, 403.08057
823.73267, 405.18832
823.0817, 407.24136
822.3994, 409.2896
821.6885, 411.33356
820.9065, 413.37354
820.0149, 415.4099
819.02356, 417.44302
817.94147, 419.51816
816.77673, 421.63153
815.5818, 423.73468
814.35944, 425.78357
813.0671, 427.82806
811.71106, 429.86853
810.2971, 431.86035
808.7854, 433.85294
807.1847, 435.8462
805.5481, 437.84003
803.9237, 439.8344
802.3106, 441.82935
800.6177, 443.8247
798.8521, 445.82047
797.0654, 447.7716
795.21454, 449.6822
793.30524, 451.5558
791.38776, 453.39575
789.41785, 455.20514
787.40027, 456.9867
785.33923, 458.7429
783.23865, 460.47604
781.1472, 462.1882
779.019, 463.83624
776.8573, 465.471
774.7101, 467.04858
772.53125, 468.52924
770.3234, 469.96658
768.08936, 471.36456
765.78625, 472.68176
763.42053, 473.8804
760.9527, 475.01617
758.39197, 476.0947
755.7467, 477.07617
753.02454, 478.01434
750.2323, 478.91302
747.3764, 479.73087
744.50757, 480.4751
741.62683, 481.15234
738.7355, 481.72363
735.8793, 482.1535
733.0551, 482.45468
730.26013, 482.59375
727.49176, 482.63034
724.7025, 482.61862
721.84924, 482.51794
718.93787, 482.38132
715.97345, 482.257
712.9608, 482.09888
709.94934, 481.865
706.8939, 481.56213
703.79846, 481.19653
700.7566, 480.81885
697.7635, 480.43018
694.7698, 479.98645
691.7755, 479.49265
688.78064, 478.9533
685.7854, 478.3725
682.8347, 477.75397
679.9696, 477.10114
677.1824, 476.41702
674.46594, 475.7045
671.81396, 474.9661
669.2207, 474.15915
666.68085, 473.28983
664.1896, 472.36374
661.6975, 471.341
659.2047, 470.27533
656.7113, 469.2155
654.2173, 468.11612
651.7228, 466.98065
649.22766, 465.85742
646.7322, 464.74524
644.1913, 463.6432
641.65405, 462.59528
639.12024, 461.5517
636.5444, 460.46704
633.93036, 459.39
631.2816, 458.31995
628.60126, 457.25613
625.8921, 456.19806
623.15686, 455.14526
620.44275, 454.09717
617.74786, 453.00842
615.0255, 451.8827
612.32324, 450.72324
609.63916, 449.53314
606.92664, 448.36017
604.18823, 447.20276
601.4263, 446.0595
598.64294, 444.92917
595.8851, 443.81055
593.1504, 442.70258
590.4369, 441.64935
587.74255, 440.64594
585.02075, 439.59778
582.2289, 438.554
579.3732, 437.55914
576.50464, 436.5638
573.5792, 435.56805
570.60205, 434.57196
567.5779, 433.62048
564.51086, 432.75464
561.4049, 431.9667
558.2634, 431.2047
555.13477, 430.46628
552.0176, 429.7943
548.86597, 429.18286
545.68304, 428.5814
542.5166, 427.98907
539.3651, 427.45004
536.18225, 426.95953
532.9708, 426.51318
529.77844, 426.107
526.5584, 425.78238
523.2682, 425.57697
519.91406, 425.43503
516.5018, 425.35086
513.0816, 425.36426
509.6543, 425.4215
506.1754, 425.51855
502.6496, 425.6969
499.12616, 425.99417
495.6048, 426.3997
491.99536, 426.90372
488.3058, 427.5424
484.58826, 428.3036
480.8453, 429.17627
477.07922, 430.1504
473.3371, 431.21686
469.61676, 432.3673
465.91626, 433.59427
462.23376, 434.89078
458.56775, 436.2506
455.00665, 437.71304
451.54105, 439.26886
448.16235, 440.8647
444.90775, 442.49683
441.76605, 444.1621
438.68213, 445.85754
435.65073, 447.58032
432.71216, 449.3281
429.81305, 451.14355
426.9499, 453.02063
424.1194, 454.86377
421.36365, 456.721
418.72095, 458.6361
416.09106, 460.60388
413.47287, 462.66452
410.91034, 464.80972
408.3534, 466.98688
405.7566, 469.19305
403.12347, 471.4707
400.45734, 473.81335
397.80618, 476.21515
395.21362, 478.67078
392.7194, 481.1754
390.31464, 483.72467
387.94632, 486.31445
385.61115, 488.94113
383.35117, 491.60144
381.20456, 494.2923
379.16113, 497.011
377.25665, 499.755
375.47858, 502.56705
373.7705, 505.48602
372.12616, 508.5473
370.4948, 511.73804
368.87527, 515.04663
367.2665, 518.46246
365.62253, 521.93085
363.99152, 525.447
362.41727, 529.00684
360.8947, 532.6062
359.46417, 536.19666
358.1624, 539.77893
356.97778, 543.39886
355.89978, 547.053
354.91882, 550.7382
354.02612, 554.4968
353.2138, 558.3221
352.47455, 562.11804
351.84683, 565.8424
351.32062, 569.5016
350.88678, 573.05646
350.58197, 576.51636
350.3946, 579.8899
350.31406, 583.1848
350.3758, 586.49817
350.52197, 589.8733
350.7, 593.2597
350.997, 596.7013
351.40228, 600.2382
351.86108, 603.8168
352.36856, 607.4332
352.9654, 611.0393
353.6435, 614.5907
354.39557, 618.0925
355.25998, 621.54926
356.22656, 624.9198
357.2862, 628.21204
358.38544, 631.433
359.52075, 634.589
360.7339, 637.641
362.01782, 640.5983
363.3662, 643.5145
364.81824, 646.3482
366.36462, 649.15186
367.99677, 651.97327
369.70706, 654.7656
371.44342, 657.48676
373.2035, 660.14294
375.03018, 662.74005
376.96246, 665.3284
379.03583, 667.9089
381.2376, 670.48206
383.46622, 673.0487
385.71924, 675.56433
387.9945, 678.03357
390.29, 680.5055
392.5589, 683.025
394.7586, 685.5427
396.9403, 688.1039
399.06067, 690.7496
401.12518, 693.4271
403.18393, 696.13367
405.23737, 698.82166
407.286, 701.49274
409.28528, 704.19336
411.23962, 706.921
413.19806, 709.6731
415.16022, 712.4475
417.0808, 715.19727
418.96353, 717.9245
420.81183, 720.6313
422.58374, 723.2744
424.28622, 725.85974
425.97046, 728.39233
427.63812, 730.92206
429.24573, 733.4491
430.79858, 735.9737
432.2567, 738.5411
433.58362, 741.1474
434.79108, 743.7892
435.8899, 746.46313
436.8448, 749.16644
437.66876, 751.85144
438.3736, 754.5199
438.92496, 757.2181
439.33673, 759.9435
439.6214, 762.69354
439.79047, 765.4661
439.85434, 768.3042
439.82245, 771.20184
439.65845, 774.10864
439.37418, 777.02386
438.9805, 779.9467
438.48724, 782.83154
437.9034, 785.63666
437.1921, 788.4143
436.40982, 791.167
435.56293, 793.852
434.6573, 796.5203
433.69812, 799.2185
432.6453, 801.8988
431.5072, 804.5629
430.29156, 807.25726
429.00534, 809.9791
427.65485, 812.72595
426.20093, 815.4956
424.65283, 818.24097
423.0191, 820.9643
421.2624, 823.6675
419.43878, 826.3524
417.55426, 829.02075
415.61438, 831.6738
413.62408, 834.3582
411.49792, 837.071
409.2481, 839.8546
406.84076, 842.7477
404.24512, 845.7404
401.47803, 848.8237
398.51, 851.9896
395.4041, 855.2305
392.17273, 858.49475
388.7822, 861.7803
385.24683, 865.13
381.5346, 868.5383
377.6615, 871.9999
